264
-1
39 44 196 -1
118 143 178 32 217 -1
9 198 200 -1
20 66 257 -1
95 143 178 -1
37 93 143 -1
11 125 147 -1
143 178 184 -1
3 151 152 11 48 71 78 137 146 183 235 -1
25 111 147 -1
7 9 56 209 15 125 177 -1
52 60 165 95 101 139 162 213 245 -1
60 143 178 -1
66 155 259 115 -1
11 76 182 -1
103 120 243 -1
37 39 60 -1
28 62 130 80 -1
68 199 200 -1
4 53 66 230 61 154 -1
-1
-1
39 143 184 -1
-1
10 48 76 -1
53 158 185 -1
60 118 196 -1
18 38 143 178 105 110 112 160 207 258 -1
37 52 143 -1
52 60 178 -1
-1
2 38 60 170 241 -1
-1
35 141 247 205 253 -1
34 205 247 -1
52 143 178 -1
6 17 29 94 221 47 67 74 99 100 109 121 127 134 136 169 189 196 197 204 206 208 214 215 244 255 258 263 -1
28 32 143 178 81 86 100 113 169 -1
1 17 23 60 178 179 64 70 85 93 97 102 105 131 153 161 162 196 216 218 219 224 248 255 258 -1
111 198 235 -1
-1
71 209 235 122 125 -1
-1
1 60 74 196 70 86 164 169 -1
74 143 178 -1
52 75 262 -1
37 60 178 67 -1
25 9 76 195 -1
74 178 184 -1
-1
120 140 145 -1
12 29 30 36 46 143 179 55 118 134 157 160 184 188 210 214 246 262 -1
20 26 87 89 158 88 142 192 260 -1
176 203 235 237 -1
52 143 178 -1
11 151 209 177 190 -1
87 158 231 90 98 185 -1
120 239 243 108 -1
87 98 230 61 154 -1
12 13 17 27 30 32 39 44 47 139 178 63 70 93 101 102 121 126 127 135 175 186 189 191 202 206 208 213 217 218 219 232 255 263 -1
20 59 231 -1
18 184 262 -1
60 143 178 -1
39 94 162 -1
-1
4 14 20 163 230 235 -1
37 47 178 -1
19 199 200 203 78 152 182 249 261 -1
87 163 251 -1
39 44 60 153 -1
42 9 195 249 -1
118 178 196 -1
106 119 143 110 156 197 229 252 -1
44 45 49 37 143 184 148 153 194 212 234 -1
46 134 143 178 -1
15 25 48 77 92 190 198 -1
76 198 235 -1
9 68 200 146 -1
143 178 184 96 168 -1
18 81 119 -1
80 38 130 134 -1
152 200 203 -1
-1
163 230 231 90 92 251 -1
39 143 184 -1
38 44 110 -1
53 57 59 69 92 154 159 193 230 -1
53 159 192 -1
53 142 230 90 115 -1
57 84 89 -1
100 178 179 -1
76 84 87 -1
6 39 60 206 -1
37 64 162 187 107 128 129 166 201 232 -1
5 12 97 143 -1
79 143 178 -1
95 39 143 184 246 -1
59 57 230 -1
37 143 178 -1
91 37 38 130 105 110 148 186 214 215 234 -1
12 60 184 164 232 -1
39 60 179 112 126 -1
16 120 145 243 108 150 -1
143 196 262 -1
28 39 100 -1
73 188 229 -1
94 178 179 -1
58 103 243 -1
37 129 143 168 -1
86 28 73 100 -1
10 40 122 147 -1
28 102 196 -1
38 130 196 -1
-1
14 89 142 -1
-1
-1
2 27 72 52 143 196 227 -1
73 80 143 229 167 -1
16 51 58 103 140 145 228 239 256 -1
37 60 178 -1
111 42 235 -1
-1
-1
7 11 42 200 -1
60 102 178 -1
37 60 178 -1
94 184 248 -1
109 94 262 135 -1
18 81 100 113 136 157 -1
39 143 184 -1
-1
140 145 239 -1
75 81 37 52 -1
60 129 202 -1
130 37 149 166 -1
9 190 198 -1
156 160 179 -1
60 12 178 175 181 238 245 262 -1
51 120 133 145 150 228 256 -1
34 173 241 174 205 253 -1
89 115 53 155 -1
2 5 6 8 13 23 28 29 36 38 45 52 55 63 73 74 75 79 85 95 96 97 99 104 109 118 119 131 160 167 184 204 207 208 210 212 215 217 220 221 227 234 236 244 248 252 254 263 -1
-1
51 103 120 133 140 228 256 -1
9 78 200 -1
7 10 111 -1
74 100 178 -1
136 184 236 -1
103 140 243 -1
9 56 198 200 -1
9 82 68 249 176 -1
39 70 74 -1
20 59 87 -1
14 142 158 163 257 -1
138 73 184 244 164 187 -1
130 52 219 -1
26 53 57 155 185 193 -1
88 87 231 185 -1
138 28 52 143 -1
39 162 188 -1
64 94 161 12 39 -1
66 69 84 155 260 -1
44 101 156 220 -1
12 178 179 224 -1
94 136 184 -1
119 143 178 -1
79 109 179 -1
37 38 44 220 -1
32 174 205 -1
-1
-1
141 241 253 -1
170 141 241 -1
60 139 178 -1
54 152 195 237 261 -1
11 56 198 -1
2 5 8 13 28 30 36 38 39 45 47 49 55 60 63 67 72 75 79 91 96 99 107 121 126 127 139 148 165 167 175 179 181 188 191 194 197 201 202 207 210 213 216 221 224 226 227 229 236 238 240 244 245 246 254 -1
39 52 91 102 107 138 165 168 178 201 212 219 226 238 240 262 -1
-1
139 178 189 -1
15 68 198 -1
9 199 200 -1
8 23 49 62 74 79 85 97 101 128 131 149 156 166 52 143 187 204 216 218 226 248 252 -1
26 57 158 159 -1
60 100 219 -1
94 156 184 -1
106 161 52 178 -1
181 37 60 196 -1
137 56 76 198 -1
60 178 201 -1
88 53 230 -1
87 158 257 259 -1
74 178 221 -1
71 176 48 -1
1 27 44 72 104 112 113 118 189 37 39 -1
37 73 178 -1
3 40 77 137 151 177 182 190 76 203 209 261 -1
19 68 183 -1
3 19 68 78 82 125 146 151 183 203 -1
191 94 178 179 240 -1
135 60 178 -1
54 68 82 198 200 -1
37 143 184 -1
35 170 34 141 247 253 -1
37 60 93 -1
28 143 178 -1
37 60 143 -1
11 42 56 198 -1
52 143 178 -1
-1
74 143 179 -1
12 60 178 -1
37 52 100 -1
37 100 143 -1
39 178 184 -1
2 60 143 -1
39 60 184 -1
157 186 39 60 179 -1
143 164 169 -1
37 194 143 178 -1
-1
-1
39 165 178 -1
-1
178 179 184 -1
118 143 178 -1
120 140 145 -1
106 119 73 178 -1
20 59 84 89 98 192 66 87 260 -1
57 61 84 159 -1
60 94 101 -1
-1
74 100 143 -1
40 42 54 77 122 9 66 -1
149 143 178 254 -1
54 176 249 -1
139 178 179 -1
58 133 120 243 -1
178 179 201 -1
141 173 174 32 -1
-1
16 58 103 108 150 239 -1
156 37 143 178 -1
12 139 178 -1
52 97 178 -1
34 35 205 -1
128 39 143 184 -1
152 237 68 71 -1
-1
69 84 260 -1
73 143 184 -1
173 34 141 205 -1
143 178 236 -1
37 39 60 -1
120 140 145 -1
4 193 155 259 -1
28 37 39 -1
14 193 257 -1
251 53 163 230 -1
68 176 198 -1
46 62 104 129 52 139 179 -1
37 60 143 -1
